379	298	282	338	359	188	413	218	236	424	355	463	306	404	249	318	196	387	204	70
351	340	199	210	133	340	476	190	150	64	257	496	353	315	325	375	449	451	492	134
458	369	384	301	179	374	205	100	372	199	111	70	337	244	60	195	71	470	135	203
362	430	350	139	320	56	227	408	494	316	143	340	216	277	314	330	194	237	70	391
117	210	95	361	335	311	470	296	367	251	163	254	144	335	124	84	443	445	316	309
347	83	163	145	338	91	156	451	389	422	199	394	438	439	56	222	66	344	232	464
419	324	204	95	357	257	449	82	371	413	53	225	479	118	407	274	491	165	299	312
302	265	181	344	166	298	479	424	408	444	319	316	400	367	155	75	490	454	456	411
407	266	234	448	192	214	294	125	438	255	482	230	391	455	389	348	176	298	343	292
316	476	375	75	230	204	460	115	459	131	214	113	89	265	108	194	492	150	94	99
266	457	391	194	468	101	196	281	347	61	225	152	315	190	142	469	205	355	224	157
140	285	122	199	398	300	60	91	420	431	113	105	175	316	256	90	367	103	295	56
413	153	56	254	52	384	334	127	205	425	204	126	336	483	284	272	342	213	317	454
488	155	130	314	271	244	108	199	179	239	149	122	488	291	189	399	414	497	426	309
227	453	253	217	432	459	217	198	379	193	471	68	486	356	229	340	361	416	75	140
405	249	493	94	77	143	483	443	251	419	334	229	252	89	341	197	397	132	75	189
103	186	358	225	180	95	53	175	152	79	364	125	397	86	261	383	201	285	86	484
431	489	384	307	126	327	489	70	337	349	241	436	92	208	388	236	322	75	93	290
313	408	485	110	316	189	205	226	85	239	118	405	353	280	186	349	70	404	342	78
105	458	62	91	253	375	202	190	312	159	458	453	275	472	277	308	500	396	243	74

3.
6349
6354
5201
4461
5182
4950
5976
4409
6351
5513
4973
5122
6322
5990
4740
5458
6247
6277
4817
4916

4. 52
5. 500